# CPG Coordinate System and Initial Conditions.
lat0:  0.620830959169  #35.5738022685142 
lon0:  2.25472182371  # 129.19160629798
yaw0: 0.0
X0:   4.0
Y0:   3.0
Psi0: -2.992145107938  #-0.149
V0:   0.0
